3.34569,1054.94,0.395214,0,887797
3.34408,1055.03,1.30948,0,887428
3.33988,1055.34,2.45213,0,886473
3.33283,1055.93,3.62281,0,884884
3.32268,1056.78,4.78858,0,882600
3.30907,1057.96,5.98097,0,879561
3.28973,1059.24,6.60884,0,875162
3.26776,1059.62,6.16274,0,869907
3.25364,1058.49,6.60411,0,866162
3.26339,1057.83,18.4285,0,868321
3.31541,1057.56,23.1189,0,880990
3.40185,1053.46,18.7758,0,901417
3.49731,1044.35,15.4453,0,923375
3.58776,1031.98,16.1057,0,943833
3.67182,1018.11,16.978,0,962815
3.75107,1002.97,17.4487,0,980702
3.82777,986.102,17.4321,0,997972
3.9041,966.836,16.8368,0,1.01508e+06
3.98158,944.475,15.9157,0,1.03236e+06
4.06079,918.468,14.9908,0,1.04994e+06
4.14148,888.801,14.9047,0,1.06781e+06
4.21362,858.449,15.7838,0,1.08363e+06
4.27279,830.228,17.1082,0,1.0965e+06
4.32226,804.638,18.0531,0,1.10726e+06
4.36487,781.148,18.2732,0,1.11656e+06
4.40211,759.333,18.2905,0,1.12469e+06
4.43364,739.629,18.273,0,1.13155e+06
4.45788,724.006,18.3779,0,1.13684e+06
4.473,714.443,17.7581,0,1.14019e+06
4.4793,711.002,10.7681,0,1.14165e+06
3.33091,1054.14,1.25027,0,883558
3.32925,1054.28,3.92382,0,883188
3.32511,1054.74,6.95651,0,882297
3.31844,1055.7,10.0174,0,880917
3.30911,1057.14,13.0458,0,879011
3.29649,1058.91,16.0565,0,876408
3.27789,1060.36,17.9962,0,872286
3.25361,1059.83,17.6458,0,866193
3.23328,1056.14,19.8111,0,860101
3.24283,1055.66,41.9296,0,862187
3.3037,1059.22,54.7809,0,878081
3.39821,1057.91,48.1145,0,901168
3.49524,1049.41,41.108,0,923572
3.5837,1036.34,42.2902,0,943258
3.66639,1021.71,44.043,0,961640
3.74595,1006.2,45.3641,0,979514
3.82435,989.106,45.5931,0,997224
3.90309,969.492,44.334,0,1.01499e+06
3.98281,946.587,41.8162,0,1.03287e+06
4.06323,920.045,39.2298,0,1.05077e+06
4.1443,890.295,39.2568,0,1.0688e+06
4.21626,859.997,41.3161,0,1.08458e+06
4.27496,831.716,44.6736,0,1.09721e+06
4.3241,806.203,47.3636,0,1.10773e+06
4.36652,783.008,48.0362,0,1.11686e+06
4.40413,761.357,48.2856,0,1.12505e+06
4.43737,741.2,48.1859,0,1.13243e+06
4.46414,725.032,47.1904,0,1.13856e+06
4.48283,715.279,42.5927,0,1.14317e+06
4.49147,712.029,22.3558,0,1.14549e+06
3.29558,1057.45,2.17509,0,874568
3.29394,1057.67,6.71684,0,874233
3.28992,1058.33,11.6431,0,873432
3.28367,1059.56,16.6063,0,872237
3.27516,1061.36,21.4599,0,870651
3.26352,1063.51,26.0838,0,868434
3.24532,1065.02,29.8844,0,864494
3.21832,1063.88,31.6266,0,857576
3.19402,1059.32,36.457,0,850167
3.205,1059.56,64.9054,0,852554
3.27558,1065.96,85.1662,0,871386
3.38454,1068.86,77.6975,0,899151
3.48583,1060.56,68.4128,0,922422
3.57338,1046.83,70.1305,0,941566
3.65494,1031.22,72.2128,0,959279
3.7355,1014.78,73.7735,0,977171
3.81725,996.747,74.1958,0,995666
3.9005,975.956,72.5673,0,1.01462e+06
3.98418,951.586,68.9298,0,1.03359e+06
4.06635,923.682,65.5068,0,1.05201e+06
4.14706,893.232,66.5738,0,1.07009e+06
4.21857,862.949,69.7509,0,1.08581e+06
4.27706,834.887,74.8688,0,1.09838e+06
4.32672,809.606,78.8788,0,1.10892e+06
4.37019,786.557,79.7069,0,1.11809e+06
4.40979,764.633,79.7178,0,1.12661e+06
4.4457,743.653,78.7393,0,1.13466e+06
4.4767,726.353,75.8458,0,1.14205e+06
4.5,716.141,66.1275,0,1.14829e+06
4.51089,712.86,32.109,0,1.15145e+06
3.23907,1066.48,3.0181,0,860500
3.23751,1066.83,9.26828,0,860315
3.23395,1067.8,15.9309,0,859839
3.2286,1069.43,22.5847,0,859078
3.22132,1071.62,29.2005,0,857983
3.21056,1073.86,35.6693,0,856096
3.19166,1074.78,41.0974,0,851905
3.1624,1072.69,45.5182,0,844237
3.13633,1067.08,53.296,0,836024
3.15194,1068.72,84.9313,0,839600
3.2337,1078.79,108.805,0,861694
3.35734,1086.31,102.925,0,894082
3.46597,1078.44,94.9412,0,919076
3.55709,1064.02,97.7183,0,938838
3.64062,1046.83,100.471,0,956598
3.7242,1028.59,102.18,0,974882
3.81021,1008.77,102.118,0,994280
3.89786,986.115,99.5172,0,1.01435e+06
3.98445,959.909,95.6178,0,1.03418e+06
4.06735,930.461,92.6084,0,1.05293e+06
4.14632,899.181,94.9672,0,1.07082e+06
4.21729,868.891,99.8502,0,1.08655e+06
4.27713,840.959,106.119,0,1.09961e+06
4.32903,815.501,110.731,0,1.11085e+06
4.3754,791.926,111.622,0,1.1207e+06
4.41887,768.92,110.855,0,1.13003e+06
4.45911,746.493,108.248,0,1.13897e+06
4.49494,727.744,102.265,0,1.14765e+06
4.52254,717.2,86.4032,0,1.15535e+06
4.5351,713.887,40.1048,0,1.15907e+06
3.17437,1077.07,3.72302,0,844037
3.17346,1077.8,11.4109,0,844138
3.1711,1079.57,19.5663,0,844283
3.16728,1082.33,27.8464,0,844394
3.16159,1085.62,36.267,0,844218
3.15156,1088.19,44.5212,0,842783
3.13178,1088.3,51.5161,0,838296
3.10218,1085,57.9233,0,830365
3.07665,1078.25,68.0903,0,821985
3.09799,1081.48,101.264,0,827041
3.19003,1095.56,127.404,0,852040
3.32489,1107.79,123.438,0,887854
3.44158,1101.29,117.13,0,914674
3.53899,1086.33,121.027,0,935878
3.62705,1066.92,124.836,0,954370
3.71475,1045.94,127.123,0,973274
3.80482,1023.64,127.489,0,993461
3.89542,999.04,125.137,0,1.01423e+06
3.98279,971.428,122.002,0,1.03436e+06
4.06458,941.095,120.607,0,1.05302e+06
4.14096,909.341,124.123,0,1.07058e+06
4.21173,878.799,130.886,0,1.08664e+06
4.27537,850.498,138.534,0,1.10102e+06
4.33218,824.152,143.056,0,1.11386e+06
4.38358,799.01,144.024,0,1.12536e+06
4.43175,774.223,142.132,0,1.13592e+06
4.47719,749.633,137.177,0,1.146e+06
4.51747,729.083,127.278,0,1.15572e+06
4.54901,718.151,104.605,0,1.16451e+06
4.56294,714.74,47.0016,0,1.16847e+06
3.11482,1081.86,4.37358,0,827475
3.11465,1082.95,13.3809,0,827730
3.11352,1085.52,22.9012,0,828290
3.11095,1089.54,32.7376,0,829190
3.10701,1094.7,42.9527,0,830358
3.09893,1099.04,52.8925,0,830337
3.08002,1099.58,61.2554,0,826382
3.05225,1096.17,69.0159,0,818947
3.02968,1089.63,80.7972,0,811320
3.05667,1094.82,115.043,0,817886
3.1571,1112.92,142.978,0,845333
3.29984,1129.43,140.844,0,883654
3.42285,1124.62,136.203,0,911965
3.52659,1109.83,141.21,0,934616
3.61873,1088.61,146.211,0,953725
3.70865,1064.92,149.375,0,972711
3.80055,1040.22,150.899,0,993068
3.89205,1014.05,149.855,0,1.01396e+06
3.9786,985.701,148.251,0,1.03393e+06
4.05852,955.231,149.464,0,1.05236e+06
4.13285,923.484,153.918,0,1.06967e+06
4.20458,892.454,162.284,0,1.08647e+06
4.27421,863.02,171.572,0,1.1031e+06
4.33879,835.042,176.122,0,1.11861e+06
4.39689,807.871,177.284,0,1.13249e+06
4.45035,780.802,174.191,0,1.14486e+06
4.4998,754.035,166.445,0,1.15596e+06
4.54239,731.883,151.858,0,1.16584e+06
4.57626,720.582,121.826,0,1.17502e+06
4.59071,717.018,53.3454,0,1.17892e+06
3.06239,1078.99,5.04344,0,813608
3.06275,1080.43,15.4178,0,814022
3.06336,1083.96,26.3584,0,814900
3.06372,1089.48,37.7263,0,816206
3.06331,1096.41,49.6101,0,817956
3.05724,1101.93,61.0564,0,818540
3.03824,1102.52,70.5918,0,814904
3.01069,1099.05,79.2906,0,807931
2.99119,1093.87,92.098,0,801558
3.02429,1102.06,127.097,0,809995
3.13448,1125.76,156.811,0,840582
3.28494,1147.07,156.481,0,881566
3.41365,1144.38,153.489,0,911073
3.52271,1131.1,159.641,0,935129
3.61696,1109.74,165.996,0,954825
3.70612,1084.53,170.337,0,973281
3.79624,1058.23,173.2,0,992837
3.88617,1031.04,173.958,0,1.01315e+06
3.9711,1002.43,174.563,0,1.03269e+06
4.04982,972.169,178.302,0,1.05103e+06
4.12456,940.474,183.91,0,1.06864e+06
4.20019,908.493,193.869,0,1.08697e+06
4.27795,877.452,204.852,0,1.10663e+06
4.35106,847.661,209.987,0,1.12531e+06
4.41583,818.81,211.614,0,1.14187e+06
4.47363,789.838,207.451,0,1.15637e+06
4.52393,761.294,196.576,0,1.16836e+06
4.56468,737.437,176.74,0,1.17798e+06
4.59802,725.415,138.733,0,1.18708e+06
4.6121,721.591,59.4466,0,1.19073e+06
3.01699,1069.74,5.75631,0,800496
3.01764,1071.47,17.5844,0,801077
3.01923,1075.83,30.0288,0,802390
3.02153,1082.69,42.8834,0,804374
3.02397,1091.4,56.2525,0,807059
3.02214,1099.11,69.067,0,808769
3.00676,1101.24,79.7416,0,805946
2.98222,1098.97,89.3021,0,799637
2.96524,1095,102.858,0,794037
3.0013,1104.84,138.407,0,803464
3.11848,1133.13,169.765,0,836532
3.27683,1159.87,171.243,0,880382
3.40973,1159.56,169.868,0,910997
3.52397,1149.11,177.201,0,936578
3.62041,1129.36,185.244,0,957018
3.70814,1104.29,191.468,0,975122
3.79413,1077.29,195.226,0,993333
3.88009,1049.67,197.992,0,1.01237e+06
3.96308,1021.03,200.993,0,1.03134e+06
4.0423,990.668,206.035,0,1.04989e+06
4.12022,958.382,213.306,0,1.06851e+06
4.20199,925.078,225.042,0,1.08894e+06
4.28885,892.626,238.123,0,1.11188e+06
4.36994,861.768,244.613,0,1.13375e+06
4.44094,832.024,246.95,0,1.15308e+06
4.50305,802.248,242.164,0,1.1698e+06
4.55286,772.451,227.987,0,1.18299e+06
4.58982,746.796,202.422,0,1.19277e+06
4.61978,733.53,155.96,0,1.20167e+06
4.63147,729.117,65.5881,0,1.20498e+06
2.97452,1054.36,6.48121,0,786837
2.97568,1056.49,19.7857,0,787636
2.97894,1061.98,33.756,0,789547
2.98418,1070.69,48.0999,0,792529
2.98995,1081.53,62.9116,0,796525
2.99174,1091.4,76.9924,0,799701
2.97996,1095.2,88.7074,0,798034
2.95871,1094.35,99.0332,0,792529
2.94622,1092.69,113.285,0,788059
2.98687,1104.98,149.573,0,798686
3.10933,1136.63,182.593,0,833368
3.27433,1168.13,185.787,0,879632
3.41208,1171.35,186.163,0,912066
3.53003,1163.65,194.576,0,938781
3.62878,1146.55,204.737,0,960161
3.71622,1123.17,213.498,0,978468
3.7989,1096.54,218.17,0,995669
3.88021,1068.67,222.532,0,1.01325e+06
3.96101,1039.75,227.239,0,1.03152e+06
4.0414,1008.97,233.319,0,1.05037e+06
4.12316,975.791,242.195,0,1.07014e+06
4.21072,941.295,255.997,0,1.09245e+06
4.30604,908.333,271.605,0,1.11848e+06
4.39512,877.378,280.11,0,1.14357e+06
4.47219,847.512,283.391,0,1.16574e+06
4.53844,817.621,278.454,0,1.1849e+06
4.59072,787.523,261.054,0,1.1998e+06
4.62494,760.673,229.369,0,1.21032e+06
4.64929,745.978,173.85,0,1.21917e+06
4.65634,740.637,71.9233,0,1.22212e+06
2.92996,1032.97,7.12224,0,771785
2.93182,1035.59,21.7483,0,772851
2.93714,1042.38,37.1162,0,775476
2.94623,1053.36,52.8795,0,779683
2.95678,1067.05,69.1461,0,785335
2.96405,1080.01,84.6875,0,790456
2.9569,1086.07,97.4814,0,790396
2.93877,1086.61,108.468,0,785846
2.93049,1087.28,123.409,0,782650
2.97645,1102.22,160.647,0,794544
3.10626,1138.06,195.642,0,831344
3.27735,1173.6,200.526,0,879634
3.42025,1180.65,202.818,0,914225
3.54057,1175.03,212.372,0,941640
3.64195,1160.8,224.686,0,963967
3.73046,1139.94,236.164,0,982944
3.81196,1114.74,242.526,0,1.0001e+06
3.89026,1086.88,247.9,0,1.01684e+06
3.96849,1057.24,253.632,0,1.03424e+06
4.04873,1025.73,260.76,0,1.0529e+06
4.13332,992.125,271.08,0,1.07338e+06
4.22615,957.472,287.261,0,1.09732e+06
4.3299,925.065,305.878,0,1.12631e+06
4.42723,894.729,316.62,0,1.15457e+06
4.51054,865.335,320.934,0,1.17962e+06
4.58093,835.852,315.887,0,1.20142e+06
4.63524,805.936,295.114,0,1.21852e+06
4.67093,779.243,257.316,0,1.2305e+06
4.69238,763.805,192.542,0,1.23964e+06
4.69615,757.677,78.5771,0,1.24218e+06
2.87908,1005.75,7.65105,0,754655
2.8822,1009.07,23.3733,0,756093
2.89087,1017.69,39.9158,0,759640
2.90517,1031.54,56.9717,0,765313
2.92175,1048.7,74.6409,0,772882
2.93512,1065.27,91.5848,0,780248
2.934,1074.48,105.594,0,782337
2.92027,1077,117.441,0,779126
2.91586,1079.67,133.267,0,777114
2.96728,1097.24,171.696,0,790346
3.10516,1137.29,208.843,0,829401
3.28377,1177.28,215.533,0,880103
3.43217,1188.17,219.742,0,917061
3.55456,1184.18,230.503,0,945109
3.65849,1172.38,244.902,0,968352
3.7488,1153.96,258.803,0,988136
3.83043,1130.44,267.088,0,1.00563e+06
3.9071,1103.06,273.49,0,1.02205e+06
3.98293,1072.88,279.945,0,1.03873e+06
4.06164,1040.43,287.726,0,1.05674e+06
4.14723,1006.41,299.017,0,1.0773e+06
4.24504,972.807,317.393,0,1.10288e+06
4.35705,942.108,339.052,0,1.13478e+06
4.46298,913.081,352.499,0,1.16618e+06
4.55323,884.716,357.989,0,1.19412e+06
4.62847,856.159,353.04,0,1.2186e+06
4.68579,826.933,329.172,0,1.2382e+06
4.72212,800.755,285.024,0,1.2521e+06
4.74187,785.128,211.008,0,1.26183e+06
4.74508,778.686,85.1652,0,1.26396e+06
2.81282,970.155,8.08496,0,733986
2.81833,974.609,24.6941,0,735961
2.83326,986.235,42.2076,0,740880
2.85646,1004.67,60.4744,0,748731
2.88199,1026.74,79.5163,0,758749
2.90326,1047.9,97.8285,0,768799
2.90972,1061.22,113.192,0,773607
2.9015,1066.28,125.94,0,772139
2.90106,1070.87,142.541,0,771256
2.95793,1091.07,182.077,0,785894
3.10355,1135.03,221.292,0,827123
3.29114,1179.98,230.048,0,880603
3.44556,1194.62,236.893,0,920125
3.57027,1191.92,248.943,0,948902
3.67695,1182.09,265.474,0,973135
3.76983,1165.83,281.718,0,993863
3.85289,1144.01,291.926,0,1.01194e+06
3.92913,1117.36,299.396,0,1.02834e+06
4.0029,1086.86,306.331,0,1.04443e+06
4.07945,1053.54,314.435,0,1.06157e+06
4.16422,1018.91,326.218,0,1.08161e+06
4.26589,986.698,346.552,0,1.1084e+06
4.38497,958.139,371.205,0,1.14278e+06
4.49943,931.038,388.015,0,1.17726e+06
4.5968,904.026,394.818,0,1.20799e+06
4.67658,876.382,390.159,0,1.23493e+06
4.73568,847.666,363.481,0,1.25652e+06
4.77091,821.3,312.4,0,1.27174e+06
4.78728,804.781,228.748,0,1.28154e+06
4.79032,798.106,91.3931,0,1.28323e+06
2.71754,924.192,8.47122,0,711309
2.72677,929.901,25.8372,0,713575
2.7519,945.29,44.1591,0,719473
2.78935,969.612,63.6101,0,729147
2.82944,998.607,84.0905,0,741773
2.8625,1026.23,103.797,0,755061
2.88008,1045.48,120.581,0,763450
2.87981,1054.19,133.982,0,764334
2.88476,1061.33,151.183,0,764875
2.94735,1084.32,191.985,0,781065
3.10022,1131.8,233.584,0,824405
3.29862,1182.07,244.98,0,880730
3.46031,1200.79,255.269,0,923093
3.58801,1199.4,268.932,0,952804
3.6986,1191.65,287.972,0,978359
3.79557,1177.66,306.808,0,1.00044e+06
3.88147,1157.66,319.028,0,1.01948e+06
3.95826,1131.86,327.607,0,1.03617e+06
4.03036,1101.15,335.03,0,1.05182e+06
4.10459,1066.96,343.496,0,1.06803e+06
4.18815,1031.71,355.902,0,1.08729e+06
4.29358,1001.12,378.568,0,1.1151e+06
4.4199,975.212,406.76,0,1.15186e+06
4.54274,950.476,427.441,0,1.18921e+06
4.64693,925.186,435.694,0,1.22242e+06
4.73073,898.457,431.309,0,1.25153e+06
4.78996,869.78,401.45,0,1.27455e+06
4.82018,842.051,342.258,0,1.28996e+06
4.82766,822.783,247.627,0,1.29846e+06
4.82945,815.53,97.9413,0,1.29943e+06
2.53827,854.796,8.27324,0,689799
2.55462,862.316,25.1313,0,691918
2.59978,883.005,42.9817,0,697385
2.66683,915.51,62.4393,0,706406
2.73604,953.852,83.6347,0,719282
2.79109,990.413,106.146,0,734706
2.82968,1020.1,126.759,0,748022
2.8439,1036,141.232,0,752761
2.85957,1048.17,159.544,0,755847
2.93142,1075.49,202.521,0,774437
3.09302,1126.89,247.356,0,820460
3.30622,1183.74,262.181,0,880189
3.47931,1208.41,276.821,0,926385
3.61195,1209.27,293.723,0,957790
3.72845,1204.25,316.146,0,985328
3.83191,1193.23,338.225,0,1.0095e+06
3.92285,1175.57,352.455,0,1.03007e+06
4.00142,1150.79,362.17,0,1.04736e+06
4.07238,1119.7,370.165,0,1.06269e+06
4.14379,1084.14,379.074,0,1.07789e+06
4.2279,1048.4,392.646,0,1.09634e+06
4.33995,1020.29,419.056,0,1.12566e+06
4.47665,998.049,452.599,0,1.16535e+06
4.61038,976.561,478.618,0,1.20584e+06
4.72334,954.053,488.88,0,1.24173e+06
4.81078,928.521,484.681,0,1.27276e+06
4.86847,899.641,450.538,0,1.29686e+06
4.88954,869.664,380.291,0,1.31148e+06
4.88245,846.119,271.133,0,1.31734e+06
4.87878,837.294,105.952,0,1.31689e+06
2.3583,790.049,7.78921,0,674112
2.37827,798.299,23.6043,0,675966
2.44025,823.297,40.5176,0,680964
2.53856,863.987,59.6521,0,689032
2.63511,908.332,81.1431,0,699446
2.70945,949.309,104.565,0,713000
2.76403,985.516,126.399,0,727747
2.79547,1010.39,145.647,0,736880
2.82521,1029.32,168.186,0,743527
2.90828,1062.2,214.629,0,765512
3.08291,1119.59,264.115,0,815278
3.31503,1184.91,282.926,0,879142
3.5038,1217.95,302.674,0,930410
3.64493,1223.15,324.979,0,964948
3.76775,1220.91,351.512,0,994730
3.87993,1213.92,377.481,0,1.02191e+06
3.97833,1199.65,393.667,0,1.04482e+06
4.06001,1176.23,404.359,0,1.06319e+06
4.12998,1144.44,412.657,0,1.07831e+06
4.19793,1106.75,421.597,0,1.09235e+06
4.28355,1070.34,436.165,0,1.11005e+06
4.40506,1045.61,466.913,0,1.14174e+06
4.55314,1027.33,506.427,0,1.18472e+06
4.69891,1009.82,537.982,0,1.22874e+06
4.82222,991.31,550.284,0,1.26808e+06
4.91273,967.384,545.52,0,1.30107e+06
4.96634,937.982,505.756,0,1.32559e+06
4.97664,905.752,422.746,0,1.33894e+06
4.95377,877.767,297.232,0,1.34155e+06
4.94236,866.369,114.82,0,1.33868e+06
