0,0.0177665,11.905,1.0561,0,6663.8
1,0.0177836,12.0651,1.04909,0,6435.24
2,0.0179412,11.9444,1.04368,0,6297.82
3,0.018135,11.6444,1.03966,0,6214.48
4,0.0182996,11.2498,1.03683,0,6165.9
5,0.018435,10.8237,1.03503,0,6141.53
6,0.018542,10.4016,1.03328,0,6133.87
7,0.018626,10.0054,1.03154,0,6138.15
8,0.0186933,9.64737,1.02999,0,6151.42
9,0.0187507,9.3331,1.02861,0,6171.99
10,0.0187275,9.01289,1.02776,0,6183.61
11,0.0186157,8.68522,1.0274,0,6175.67
12,0.0185184,8.42774,1.02719,0,6179.47
13,0.0184328,8.23031,1.02713,0,6190.7
14,0.0183557,8.08018,1.02737,0,6206.01
15,0.0182846,7.96502,1.02779,0,6222.76
16,0.0182183,7.87538,1.02839,0,6239.29
17,0.0181658,7.80441,1.0292,0,6254.46
18,0.0181271,7.74716,1.02997,0,6266.53
19,0.0180853,7.69872,1.02997,0,6270.27
20,0.0179826,7.66648,1.02942,0,6252.78
21,0.0179098,7.66072,1.02956,0,6233.61
22,0.0178535,7.66559,1.03012,0,6215.71
23,0.0178002,7.67237,1.03084,0,6198.3
24,0.0177493,7.67959,1.03171,0,6181.88
25,0.0177018,7.68655,1.03275,0,6167.13
26,0.0176646,7.68262,1.03424,0,6160.69
27,0.0175566,7.62168,1.03659,0,6134.56
28,0.0174609,7.57217,1.03924,0,6116.18
29,0.0173757,7.53468,1.04214,0,6104.52
30,0.0172976,7.50672,1.04525,0,6097.58
31,0.0172255,7.48668,1.04855,0,6094.46
32,0.0171565,7.4716,1.05201,0,6093.59
33,0.0170993,7.46131,1.05574,0,6094.38
34,0.0170498,7.45561,1.05939,0,6092.07
35,0.0170024,7.44878,1.06326,0,6089.91
36,0.0169515,7.43859,1.06729,0,6087.38
37,0.0168591,7.41408,1.07118,0,6080.82
38,0.0167556,7.3932,1.07478,0,6070.46
39,0.0166512,7.3726,1.07856,0,6059.72
40,0.0165475,7.352,1.08275,0,6048.97
41,0.0164009,7.29656,1.0877,0,6023.39
42,0.0162532,7.23696,1.0931,0,5997.63
43,0.0161195,7.1869,1.09872,0,5978.8
44,0.015998,7.14458,1.10443,0,5965.96
45,0.0158879,7.10934,1.11026,0,5958.4
46,0.0157857,7.07961,1.11615,0,5954.35
47,0.0156906,7.05363,1.12201,0,5952.69
48,0.0156072,7.03405,1.12786,0,5951.14
49,0.0155622,7.03058,1.13484,0,5951.66
50,0.0155263,7.02751,1.14185,0,5952.42
51,0.0154965,7.0246,1.14881,0,5954.16
52,0.015474,7.02012,1.15565,0,5958.2
53,0.0154517,7.01644,1.16159,0,5960.65
54,0.0154252,7.01525,1.16656,0,5959.66
55,0.0153668,6.99013,1.17093,0,5945.7
56,0.0153,6.95467,1.17551,0,5927.01
57,0.0152321,6.92344,1.17986,0,5912.82
58,0.015168,6.89811,1.18425,0,5903.3
59,0.0151083,6.87714,1.18881,0,5897.28
60,0.0150522,6.85983,1.19354,0,5894.33
61,0.0150003,6.84582,1.19841,0,5894.49
62,0.0149503,6.83534,1.2032,0,5896.01
63,0.014883,6.82042,1.20759,0,5897.11
64,0.0148037,6.80206,1.21189,0,5897.9
65,0.0147327,6.78525,1.21643,0,5898.83
66,0.0146715,6.77005,1.22122,0,5899.94
67,0.0146147,6.7558,1.22614,0,5901.2
68,0.0145601,6.7417,1.23115,0,5902.17
69,0.0144984,6.7217,1.23589,0,5898.31
70,0.0144108,6.68043,1.2403,0,5878.3
71,0.0143355,6.64585,1.24518,0,5864.35
72,0.014266,6.61666,1.25023,0,5855.29
73,0.0142149,6.59882,1.25637,0,5850.79
74,0.0141771,6.58802,1.26311,0,5849.03
75,0.0141419,6.57976,1.2697,0,5849.26
76,0.0141008,6.57248,1.27541,0,5850.49
77,0.014063,6.56678,1.28105,0,5851.96
78,0.0140259,6.5603,1.28664,0,5853.46
79,0.0139894,6.5532,1.2921,0,5855.03
80,0.013954,6.54598,1.29733,0,5856.6
81,0.0139237,6.5389,1.30211,0,5858.04
82,0.0139011,6.53296,1.30671,0,5859.77
83,0.0138783,6.52584,1.31118,0,5860.75
84,0.0138418,6.50505,1.31509,0,5852.36
85,0.0137961,6.47674,1.31887,0,5835.73
86,0.0137594,6.45378,1.323,0,5822.54
87,0.0137296,6.43431,1.32736,0,5811.46
88,0.013687,6.41425,1.33135,0,5802.59
89,0.0136437,6.39819,1.33542,0,5797.28
90,0.0136032,6.38599,1.33974,0,5794.8
91,0.0135646,6.37709,1.34422,0,5794.25
92,0.0135275,6.36889,1.34889,0,5794.29
93,0.0134888,6.35872,1.35366,0,5793.88
94,0.0134388,6.34618,1.35794,0,5793.19
95,0.013389,6.33408,1.36176,0,5792.9
96,0.0133424,6.32387,1.36589,0,5793.17
97,0.013304,6.31756,1.37127,0,5794.36
98,0.0132719,6.30835,1.37665,0,5793.12
99,0.0132294,6.28621,1.38161,0,5783.2
100,0.0131875,6.26423,1.38687,0,5771.96
101,0.0131532,6.24618,1.39236,0,5762.21
102,0.0131269,6.23181,1.39816,0,5754.91
103,0.0131085,6.22041,1.40418,0,5748.64
104,0.0130951,6.21203,1.41035,0,5744.28
105,0.013083,6.20666,1.41642,0,5742.13
106,0.013068,6.20346,1.42205,0,5741.61
107,0.0130539,6.20168,1.42704,0,5741.91
108,0.0130415,6.20018,1.43163,0,5743.08
109,0.013029,6.19886,1.43622,0,5744.47
110,0.013016,6.1971,1.44095,0,5745.75
111,0.0129983,6.19409,1.44542,0,5746.95
112,0.0129651,6.18731,1.44941,0,5747.81
113,0.0129225,6.17491,1.45267,0,5745.55
114,0.0128744,6.1505,1.45592,0,5734.92
115,0.0128232,6.12331,1.45965,0,5722.54
116,0.0127787,6.10243,1.46382,0,5713.18
117,0.01274,6.08527,1.46828,0,5706.99
118,0.0127066,6.07217,1.47322,0,5703.93
119,0.0126774,6.06216,1.47859,0,5702.95
120,0.0126513,6.0556,1.48509,0,5702.95
121,0.0126277,6.05041,1.49196,0,5702.19
122,0.0126029,6.04651,1.49879,0,5702
123,0.0125798,6.0433,1.50566,0,5702.51
124,0.0125593,6.04063,1.5127,0,5703.5
125,0.0125406,6.03845,1.5198,0,5704.6
126,0.0125235,6.0366,1.52702,0,5705.71
127,0.0125078,6.03511,1.53434,0,5706.65
128,0.0124911,6.03088,1.54128,0,5705.32
129,0.0124689,6.01917,1.54755,0,5698.22
130,0.0124476,6.00498,1.55401,0,5688.7
131,0.0124325,5.99502,1.56085,0,5681.27
132,0.0124208,5.98808,1.56746,0,5676.29
133,0.0124118,5.98333,1.57349,0,5673.51
134,0.0124041,5.9801,1.57937,0,5672.62
135,0.0123832,5.97443,1.58427,0,5673.05
136,0.0123509,5.96435,1.58885,0,5672.33
137,0.0123169,5.95402,1.59359,0,5671.86
138,0.0122846,5.9452,1.59851,0,5672.64
139,0.0122504,5.93613,1.60331,0,5673.3
140,0.0122178,5.92718,1.60823,0,5673.37
141,0.0121862,5.91925,1.61329,0,5673.6
142,0.0121555,5.91212,1.61851,0,5674.01
143,0.0121261,5.90586,1.62425,0,5674.25
144,0.0120957,5.89615,1.63009,0,5670.6
145,0.0120619,5.88022,1.63608,0,5661.64
146,0.0120345,5.86823,1.64239,0,5654.7
147,0.0120167,5.8605,1.64904,0,5649.28
148,0.0120061,5.85624,1.65598,0,5646.05
149,0.0119998,5.85449,1.66304,0,5644.74
150,0.0119949,5.85373,1.66984,0,5644.81
151,0.0119924,5.85463,1.67656,0,5646.2
152,0.0119913,5.85691,1.68308,0,5648.61
153,0.01199,5.85949,1.68927,0,5651.46
154,0.011989,5.86207,1.69527,0,5654.56
155,0.0119865,5.86409,1.70104,0,5657.98
156,0.0119807,5.86484,1.70612,0,5661.38
157,0.0119724,5.86439,1.71054,0,5664.5
158,0.011945,5.85489,1.71251,0,5664.45
159,0.0119025,5.83714,1.71288,0,5660.3
160,0.0118572,5.81389,1.71353,0,5651.32
161,0.011815,5.79158,1.71499,0,5642.21
162,0.0117789,5.77389,1.71719,0,5635.61
163,0.0117484,5.76015,1.71994,0,5630.83
164,0.0117242,5.75003,1.72325,0,5627.99
165,0.0117036,5.74239,1.72708,0,5626.77
166,0.011686,5.73741,1.73136,0,5627.09
167,0.0116731,5.73668,1.73701,0,5629
168,0.0116626,5.73747,1.74284,0,5631.64
169,0.0116536,5.73829,1.74857,0,5634.55
170,0.0116465,5.73931,1.75418,0,5637.76
171,0.0116407,5.74037,1.75971,0,5641.13
172,0.0116351,5.74102,1.76515,0,5644.54
173,0.0116287,5.74109,1.77031,0,5647.8
174,0.0116221,5.74043,1.77523,0,5650.73
175,0.0116115,5.73398,1.77922,0,5649.65
176,0.0115971,5.7214,1.78303,0,5644.53
177,0.0115852,5.71031,1.78695,0,5640.8
178,0.011576,5.7012,1.79103,0,5638.57
179,0.0115648,5.69077,1.79493,0,5635.71
180,0.0115492,5.6776,1.79803,0,5632.11
181,0.0115273,5.66147,1.79987,0,5628.13
182,0.0114955,5.64406,1.7998,0,5625.59
183,0.0114658,5.62911,1.79971,0,5624.49
184,0.0114392,5.61587,1.80012,0,5624.34
185,0.011415,5.60359,1.80096,0,5624.72
186,0.0113922,5.59217,1.80203,0,5625.66
187,0.0113701,5.58104,1.80324,0,5626.93
188,0.0113483,5.56983,1.8047,0,5628.37
189,0.0113247,5.5554,1.80575,0,5627.48
190,0.0112985,5.53647,1.80708,0,5622.84
191,0.0112708,5.51384,1.80922,0,5615.91
192,0.0112472,5.49254,1.81155,0,5610.3
193,0.0112272,5.4727,1.81392,0,5605.72
194,0.0112104,5.45419,1.81626,0,5602.03
195,0.0111961,5.43622,1.81853,0,5598.83
196,0.0111834,5.41848,1.8207,0,5596.04
197,0.0111715,5.40126,1.82283,0,5593.76
198,0.0111587,5.38432,1.82477,0,5591.5
199,0.0111452,5.36617,1.82651,0,5588.81
200,0.0111304,5.34648,1.82798,0,5585.41
201,0.0111084,5.32065,1.82883,0,5579.14
202,0.0110819,5.29207,1.82895,0,5571.44
203,0.0110495,5.25977,1.82782,0,5562.25
204,0.0110088,5.22295,1.82478,0,5551.31
205,0.0109588,5.18365,1.82035,0,5540.19
206,0.0109038,5.1404,1.81501,0,5527.16
207,0.0108422,5.08754,1.80895,0,5507.21
208,0.0107798,5.03532,1.80224,0,5485.76
209,0.0107167,4.98436,1.79561,0,5463.07
210,0.0106521,4.93419,1.78904,0,5438.99
211,0.0105851,4.88519,1.78234,0,5413.03
212,0.0105161,4.83741,1.77549,0,5385.1
213,0.0104457,4.79192,1.76894,0,5355.06
214,0.0103748,4.74831,1.76307,0,5322.71
215,0.0103033,4.70565,1.75739,0,5287.79
216,0.0102308,4.66344,1.75135,0,5250.35
217,0.0101574,4.62141,1.74499,0,5210.36
218,0.0100831,4.57937,1.73837,0,5167.62
219,0.0100078,4.53717,1.73141,0,5122.24
220,0.00993125,4.49479,1.72402,0,5074.43
221,0.00985401,4.45243,1.71634,0,5024.44
222,0.00977328,4.40741,1.70836,0,4971.17
223,0.00968701,4.35828,1.69977,0,4914.33
224,0.00959842,4.30811,1.69076,0,4855.59
225,0.00950761,4.25667,1.68127,0,4795.09
226,0.00941247,4.20215,1.67045,0,4732.19
227,0.00931315,4.14514,1.65814,0,4667.31
228,0.00920962,4.0878,1.64496,0,4602.19
229,0.00910293,4.03049,1.63047,0,4536.86
230,0.00899778,3.97467,1.6158,0,4471.4
231,0.00889654,3.92074,1.60151,0,4405.84
232,0.00879882,3.86843,1.58749,0,4340.26
233,0.00870484,3.8175,1.57304,0,4274.81
234,0.00861405,3.76779,1.55915,0,4209.47
235,0.00852683,3.71959,1.54602,0,4144.38
236,0.00844437,3.67381,1.53398,0,4079.81
237,0.00836709,3.63001,1.52292,0,4015.64
238,0.00829528,3.58837,1.51352,0,3952.19
239,0.00822786,3.54772,1.50469,0,3889.23
240,0.00816415,3.50783,1.49628,0,3826.81
241,0.00810419,3.46876,1.4882,0,3765.01
242,0.00804812,3.43053,1.48037,0,3703.83
243,0.00799507,3.39286,1.47252,0,3643.3
244,0.00794298,3.35377,1.46472,0,3582.19
245,0.00788821,3.31036,1.45675,0,3519.17
246,0.00783396,3.26644,1.44863,0,3456.91
247,0.00778139,3.22268,1.44022,0,3395.59
248,0.00772903,3.17817,1.43141,0,3335.14
249,0.00767486,3.13163,1.42159,0,3274.85
250,0.00761777,3.08258,1.41035,0,3214.58
251,0.00755816,3.0345,1.39873,0,3156.83
252,0.00749965,2.98863,1.38661,0,3101.64
253,0.00744082,2.94435,1.37335,0,3048.61
254,0.00738659,2.9031,1.36088,0,2997.7
255,0.00733772,2.86507,1.34918,0,2948.79
256,0.00729305,2.8297,1.33832,0,2901.7
257,0.00725194,2.79671,1.32799,0,2856.32
258,0.00721455,2.76607,1.318,0,2812.64
259,0.00718268,2.73873,1.30833,0,2770.95
260,0.00715466,2.71338,1.29978,0,2730.59
261,0.00713029,2.69007,1.29258,0,2691.51
262,0.00710985,2.66913,1.28732,0,2653.88
263,0.0070921,2.64933,1.28287,0,2617.4
264,0.00707658,2.63006,1.27893,0,2581.81
265,0.00706298,2.61142,1.27552,0,2546.84
266,0.00705062,2.59331,1.27244,0,2512.77
267,0.00703936,2.57582,1.26942,0,2479.76
268,0.00702521,2.55583,1.26603,0,2445.28
269,0.0070085,2.53434,1.2623,0,2410.49
270,0.00699035,2.51243,1.25836,0,2376.12
271,0.00696923,2.48963,1.25432,0,2341.87
272,0.0069455,2.46533,1.2496,0,2307.95
273,0.0069189,2.43935,1.24357,0,2274.15
274,0.00688524,2.41092,1.2356,0,2240.57
275,0.00685101,2.38499,1.22738,0,2210.04
276,0.00681633,2.36134,1.21847,0,2182.22
277,0.00678087,2.33927,1.20843,0,2156.6
278,0.00674631,2.31913,1.19786,0,2132.91
279,0.00671538,2.3015,1.18847,0,2110.97
280,0.00668699,2.28581,1.17995,0,2090.52
281,0.00666072,2.27189,1.17245,0,2071.33
282,0.00663627,2.25934,1.16565,0,2053.22
283,0.00661358,2.24878,1.15959,0,2036.15
284,0.00659271,2.2397,1.1538,0,2019.87
285,0.00657311,2.23173,1.14852,0,2004.27
286,0.00655423,2.22444,1.14445,0,1988.82
287,0.00653624,2.2192,1.14233,0,1974.36
288,0.00651956,2.21532,1.14135,0,1961.01
289,0.00650399,2.21209,1.14091,0,1948.77
290,0.00648952,2.20958,1.14102,0,1937.72
291,0.00647296,2.20122,1.14097,0,1924.28
292,0.00645565,2.18969,1.14072,0,1910.71
293,0.00643771,2.17828,1.14052,0,1898.59
294,0.0064189,2.16682,1.14026,0,1887.82
295,0.0063976,2.15406,1.13936,0,1877.53
296,0.00637473,2.14107,1.13795,0,1867.91
297,0.00634972,2.12684,1.13562,0,1858.31
298,0.00631946,2.10862,1.13118,0,1847.17
299,0.00628624,2.09081,1.12604,0,1837.73
300,0.00625327,2.07475,1.12098,0,1830.05
301,0.0062193,2.05987,1.1152,0,1823.66
302,0.00618401,2.04573,1.10813,0,1818.19
303,0.00615034,2.03366,1.10182,0,1813.42
304,0.00611848,2.02336,1.09665,0,1808.93
305,0.00608746,2.01463,1.09235,0,1805.38
306,0.00605719,2.00724,1.08903,0,1802.44
307,0.00602816,2.0022,1.08694,0,1800.11
308,0.00599968,1.99841,1.0857,0,1798.34
309,0.00597148,1.99596,1.08571,0,1797.47
310,0.00594368,1.99447,1.08682,0,1797.03
311,0.00591614,1.99199,1.08892,0,1794.92
312,0.00588871,1.98377,1.09087,0,1787.57
313,0.00586092,1.97313,1.09295,0,1778.27
314,0.00583317,1.96338,1.09541,0,1770.08
315,0.00580373,1.9528,1.09787,0,1761.79
316,0.00577264,1.94179,1.10012,0,1753.78
317,0.0057408,1.93085,1.10221,0,1746.45
318,0.00570842,1.91953,1.10401,0,1738.8
319,0.00567461,1.90743,1.1053,0,1731.02
320,0.00563947,1.89467,1.1062,0,1723.17
321,0.00560099,1.87888,1.10554,0,1713.58
322,0.00556004,1.86062,1.10341,0,1702.73
323,0.00551914,1.84412,1.10151,0,1693.69
324,0.00547829,1.82916,1.09982,0,1686.09
325,0.0054372,1.81538,1.09837,0,1679.63
326,0.00539485,1.80226,1.09622,0,1674.08
327,0.00535244,1.78984,1.09372,0,1669.11
328,0.00531011,1.77803,1.09093,0,1664.23
329,0.00526684,1.76634,1.08715,0,1659.39
330,0.00522367,1.7551,1.08305,0,1654.38
331,0.00518184,1.74465,1.07972,0,1649.37
332,0.00514097,1.73467,1.07744,0,1644.12
333,0.00510092,1.72501,1.07608,0,1638.83
334,0.00506136,1.71582,1.07533,0,1633.43
335,0.00502216,1.70667,1.07443,0,1627.9
336,0.00498308,1.6967,1.07332,0,1621.53
337,0.00494415,1.68393,1.07154,0,1612.47
338,0.00490581,1.67165,1.07087,0,1602.92
339,0.0048678,1.65899,1.07068,0,1592.59
340,0.00483004,1.64609,1.07074,0,1581.95
341,0.00479335,1.63395,1.07173,0,1571.42
342,0.00475769,1.62046,1.07344,0,1559.17
343,0.00472262,1.6077,1.07562,0,1547.18
344,0.00468855,1.59624,1.0778,0,1535.98
345,0.00465422,1.58396,1.07945,0,1523.84
346,0.0046199,1.57192,1.08085,0,1511.73
347,0.00458479,1.55883,1.08167,0,1498.66
348,0.00454875,1.54419,1.08146,0,1484.09
349,0.00451216,1.5291,1.08063,0,1468.92
350,0.00447629,1.51533,1.07988,0,1454.37
351,0.00444113,1.50273,1.07923,0,1440.32
352,0.00440665,1.49106,1.07874,0,1426.62
353,0.00437272,1.48009,1.07843,0,1413.1
354,0.00433914,1.46952,1.07833,0,1399.46
355,0.0043058,1.45935,1.07829,0,1385.78
356,0.00427259,1.44947,1.07824,0,1372.06
357,0.0042401,1.43976,1.07815,0,1357.97
358,0.00420839,1.43027,1.07785,0,1343.91
359,0.0041772,1.42095,1.07753,0,1329.87
360,0.00414643,1.41172,1.07711,0,1315.82
361,0.00411604,1.40247,1.07656,0,1301.76
362,0.00408601,1.39323,1.07575,0,1287.76
363,0.00405604,1.38376,1.07447,0,1273.84
364,0.00402623,1.37429,1.07294,0,1260.03
365,0.00399701,1.36486,1.07119,0,1246.3
366,0.00396804,1.35534,1.06935,0,1232.7
367,0.00393933,1.34572,1.06733,0,1219.29
368,0.00391061,1.33599,1.06518,0,1206.1
369,0.00388179,1.32618,1.06285,0,1193.17
370,0.00385303,1.31636,1.06036,0,1180.45
371,0.00382433,1.30657,1.05734,0,1168.02
372,0.00379561,1.29677,1.05421,0,1155.8
373,0.00376678,1.28695,1.05083,0,1143.77
374,0.00373757,1.27685,1.04731,0,1131.75
375,0.00370817,1.26676,1.04323,0,1119.97
376,0.00367874,1.2568,1.03816,0,1108.46
377,0.00364901,1.24686,1.03265,0,1097.13
378,0.00361911,1.23695,1.02718,0,1086
379,0.0035892,1.22703,1.02172,0,1075.09
380,0.00355906,1.21709,1.0162,0,1064.36
381,0.00352902,1.20722,1.01073,0,1053.78
382,0.00349893,1.19733,1.00515,0,1043.4
383,0.00346862,1.18735,0.999386,0,1033.18
384,0.003438,1.17725,0.99365,0,1023.01
385,0.00340718,1.16708,0.988009,0,1012.96
386,0.00337644,1.15695,0.982401,0,1003.08
387,0.00334584,1.14691,0.97676,0,993.344
388,0.00331529,1.1368,0.971102,0,983.747
389,0.00328483,1.12668,0.965454,0,974.309
390,0.00325456,1.11638,0.959833,0,965.002
391,0.0032246,1.10622,0.954161,0,955.919
392,0.00319508,1.09618,0.948537,0,946.98
393,0.00316608,1.08625,0.942972,0,938.193
394,0.00313736,1.07644,0.93746,0,929.608
395,0.00310909,1.06681,0.931916,0,921.224
396,0.00308097,1.05734,0.926331,0,913.045
397,0.00305318,1.04787,0.920843,0,904.888
398,0.00302582,1.03847,0.915423,0,896.714
399,0.00299859,1.02907,0.910104,0,888.589
400,0.00297157,1.01982,0.904801,0,880.606
401,0.00294452,1.01067,0.899396,0,872.654
402,0.00291769,1.00174,0.894089,0,864.77
403,0.00289116,0.992889,0.888852,0,856.958
404,0.00286506,0.984363,0.883722,0,849.299
405,0.00283898,0.975648,0.878697,0,841.665
406,0.00281313,0.967155,0.873722,0,834.12
407,0.0027876,0.958885,0.86875,0,826.641
408,0.00276245,0.950791,0.863846,0,819.211
409,0.00273761,0.942827,0.858959,0,811.846
410,0.00271289,0.935053,0.854097,0,804.499
411,0.00268839,0.927325,0.849212,0,797.141
412,0.00266437,0.919405,0.84436,0,789.71
413,0.00264082,0.911667,0.839531,0,782.347
414,0.00261782,0.904042,0.834755,0,775.179
415,0.00259547,0.896514,0.830053,0,768.241
416,0.00257372,0.889068,0.825439,0,761.437
417,0.00255267,0.881789,0.820877,0,754.766
418,0.00253218,0.874705,0.816116,0,748.238
419,0.00251233,0.867811,0.811404,0,741.846
420,0.00249305,0.861145,0.806803,0,735.563
421,0.00247423,0.854659,0.802246,0,729.346
422,0.0024557,0.84824,0.79768,0,723.14
423,0.00243737,0.84201,0.793086,0,716.971
424,0.0024192,0.835836,0.788458,0,710.753
425,0.00240103,0.829741,0.783774,0,704.525
426,0.00238274,0.823626,0.779086,0,698.197
427,0.00236428,0.817776,0.774392,0,691.914
428,0.00234585,0.81213,0.769688,0,685.663
429,0.00232756,0.806651,0.764961,0,679.534
430,0.00230943,0.801269,0.760236,0,673.479
431,0.00229145,0.796072,0.755537,0,667.514
432,0.0022736,0.791142,0.750823,0,661.634
433,0.00225588,0.78649,0.746072,0,655.828
434,0.00223813,0.781948,0.741368,0,650.01
435,0.00222022,0.777548,0.736711,0,644.114
436,0.00220246,0.773387,0.732091,0,638.316
437,0.00218501,0.769425,0.72749,0,632.723
438,0.00216789,0.76563,0.722932,0,627.316
439,0.00215112,0.762047,0.718429,0,622.078
440,0.00213458,0.758598,0.713993,0,617.022
441,0.00211836,0.755183,0.709555,0,612.129
442,0.00210258,0.751741,0.705104,0,607.409
443,0.00208732,0.748403,0.700698,0,602.934
444,0.00207193,0.744793,0.696269,0,598.443
445,0.00205692,0.741285,0.691869,0,594.148
446,0.00204232,0.737989,0.687253,0,590.017
447,0.00202812,0.734862,0.682725,0,586.103
448,0.00201414,0.731934,0.67824,0,582.342
449,0.00200045,0.72914,0.673766,0,578.734
450,0.00198695,0.726314,0.669272,0,575.224
451,0.00197324,0.723185,0.664772,0,571.618
452,0.00195979,0.720259,0.660322,0,568.203
453,0.00194632,0.717657,0.655936,0,564.882
454,0.00193288,0.715363,0.6516,0,561.641
455,0.00191945,0.713162,0.647289,0,558.376
456,0.00190632,0.710984,0.642925,0,555.287
457,0.00189351,0.709064,0.638636,0,552.347
458,0.0018812,0.707374,0.634401,0,549.619
459,0.00186924,0.705951,0.630197,0,546.998
460,0.0018575,0.704771,0.626064,0,544.469
461,0.00184591,0.703833,0.622003,0,541.969
462,0.00183422,0.702875,0.617988,0,539.42
463,0.00182279,0.701953,0.614034,0,536.867
464,0.00181187,0.701235,0.610146,0,534.398
465,0.00180157,0.700576,0.60629,0,532.089
466,0.00179193,0.699994,0.602542,0,529.916
467,0.00178285,0.699505,0.598849,0,527.871
468,0.00177435,0.699051,0.59527,0,525.933
469,0.00176629,0.698625,0.591726,0,524.093
470,0.00175893,0.698178,0.588223,0,522.379
471,0.00175197,0.697801,0.584762,0,520.747
472,0.00174533,0.697437,0.581335,0,519.154
473,0.00173908,0.697133,0.577971,0,517.635
474,0.00173313,0.696803,0.574687,0,516.191
475,0.00172753,0.696496,0.571508,0,514.847
476,0.0017222,0.696235,0.568379,0,513.561
477,0.00171723,0.696045,0.565355,0,512.355
478,0.00171232,0.695973,0.5624,0,511.149
479,0.00170735,0.696018,0.559517,0,509.928
480,0.00170224,0.696182,0.556726,0,508.657
481,0.00169706,0.696387,0.554014,0,507.365
482,0.00169197,0.696666,0.551342,0,506.046
483,0.00168698,0.696888,0.5487,0,504.719
484,0.00168203,0.697044,0.546052,0,503.367
485,0.00167722,0.697235,0.543468,0,501.968
486,0.00167233,0.697259,0.540853,0,500.475
487,0.00166713,0.697343,0.538277,0,498.855
488,0.00166216,0.697516,0.535743,0,497.211
489,0.00165727,0.697763,0.533192,0,495.521
490,0.00165255,0.698059,0.530672,0,493.835
491,0.00164816,0.698389,0.528156,0,492.164
492,0.00164404,0.69864,0.525649,0,490.497
493,0.00164033,0.698815,0.523122,0,488.879
494,0.00163704,0.698797,0.520555,0,487.363
495,0.00163429,0.69884,0.518033,0,485.89
496,0.00163193,0.698932,0.515555,0,484.433
497,0.0016299,0.699016,0.513155,0,483.035
498,0.00162793,0.699064,0.510708,0,481.772
499,0.00162609,0.699024,0.508256,0,480.521
500,0.00162441,0.698812,0.505868,0,479.306
501,0.00162314,0.698586,0.503534,0,478.186
502,0.00162213,0.698353,0.501233,0,477.096
503,0.00162117,0.698078,0.498954,0,476.04
504,0.00162035,0.697802,0.496723,0,475.004
505,0.00161967,0.697551,0.494423,0,473.956
506,0.00161881,0.697421,0.49204,0,472.731
507,0.00161786,0.697358,0.489727,0,471.403
508,0.00161669,0.697361,0.487422,0,469.947
509,0.00161549,0.697391,0.485123,0,468.488
510,0.00161432,0.697419,0.482853,0,467.005
511,0.00161316,0.697401,0.480564,0,465.45
512,0.00161218,0.697289,0.47828,0,463.939
513,0.0016113,0.6972,0.476126,0,462.426
514,0.0016103,0.697028,0.474048,0,460.908
515,0.00160917,0.696884,0.471999,0,459.317
516,0.00160802,0.696792,0.46998,0,457.725
517,0.00160697,0.696712,0.468046,0,456.096
518,0.00160586,0.696612,0.466166,0,454.435
519,0.00160486,0.696548,0.464328,0,452.781
520,0.00160396,0.696465,0.46255,0,451.127
521,0.0016033,0.696283,0.460825,0,449.478
522,0.00160303,0.696023,0.459136,0,447.906
523,0.00160318,0.695602,0.457496,0,446.436
524,0.00160361,0.695169,0.45589,0,445.032
525,0.00160424,0.69471,0.45431,0,443.684
526,0.00160491,0.694192,0.45276,0,442.374
527,0.00160569,0.693659,0.45123,0,441.072
528,0.00160654,0.693117,0.449715,0,439.78
529,0.00160753,0.692476,0.448209,0,438.5
530,0.00160871,0.691796,0.446706,0,437.267
531,0.00161003,0.691077,0.445179,0,436.111
532,0.00161164,0.690409,0.443665,0,434.995
533,0.00161319,0.689742,0.442157,0,433.859
534,0.00161478,0.689076,0.440671,0,432.743
535,0.00161634,0.688412,0.439184,0,431.625
536,0.00161772,0.687685,0.437655,0,430.469
537,0.00161888,0.68686,0.436099,0,429.262
538,0.00161981,0.685947,0.434568,0,428.036
539,0.00162065,0.685032,0.433047,0,426.796
540,0.00162122,0.684031,0.431529,0,425.476
541,0.00162143,0.682995,0.430039,0,424.079
542,0.00162144,0.681953,0.42858,0,422.618
543,0.00162134,0.680843,0.427133,0,421.119
544,0.0016211,0.679768,0.425698,0,419.562
545,0.00162075,0.678743,0.424266,0,417.961
546,0.0016203,0.67763,0.42282,0,416.324
547,0.00161964,0.676508,0.421355,0,414.611
548,0.00161886,0.675417,0.419883,0,412.856
549,0.00161785,0.674347,0.418396,0,411.06
550,0.00161643,0.673286,0.416851,0,409.18
551,0.0016148,0.672271,0.415299,0,407.208
552,0.00161292,0.671244,0.413753,0,405.147
553,0.0016108,0.670162,0.412209,0,403.016
554,0.00160843,0.669067,0.410652,0,400.841
555,0.00160599,0.667918,0.409094,0,398.661
556,0.00160339,0.666764,0.407533,0,396.436
557,0.00160047,0.665567,0.405944,0,394.139
558,0.00159747,0.66441,0.404337,0,391.806
559,0.00159435,0.663275,0.402715,0,389.444
560,0.00159104,0.662142,0.40106,0,387.016
561,0.00158778,0.661043,0.399378,0,384.554
562,0.00158416,0.659977,0.397681,0,382.011
563,0.0015804,0.658858,0.395938,0,379.437
564,0.00157675,0.657688,0.394176,0,376.903
565,0.00157336,0.656486,0.392373,0,374.436
566,0.00156993,0.655232,0.390615,0,371.999
567,0.00156668,0.653985,0.388847,0,369.626
568,0.00156327,0.652702,0.387061,0,367.237
569,0.0015596,0.651352,0.38526,0,364.805
570,0.00155561,0.649964,0.383494,0,362.317
571,0.00155136,0.648548,0.381735,0,359.783
572,0.00154678,0.6471,0.379874,0,357.192
573,0.00154183,0.645577,0.378038,0,354.539
574,0.00153664,0.644042,0.376241,0,351.853
575,0.00153144,0.642553,0.374472,0,349.166
576,0.00152589,0.641018,0.372723,0,346.429
577,0.00152008,0.639434,0.370992,0,343.631
578,0.00151406,0.637804,0.369282,0,340.823
579,0.00150782,0.636144,0.367608,0,337.999
580,0.00150121,0.634418,0.365957,0,335.108
581,0.00149423,0.632619,0.364326,0,332.155
582,0.00148691,0.630782,0.362716,0,329.181
583,0.00147943,0.628858,0.361116,0,326.173
584,0.00147179,0.626876,0.359537,0,323.13
585,0.00146397,0.624871,0.357977,0,320.054
586,0.00145585,0.62277,0.356432,0,316.957
587,0.00144748,0.620533,0.354903,0,313.859
588,0.00143917,0.618294,0.35339,0,310.815
589,0.00143089,0.61602,0.351891,0,307.802
590,0.00142245,0.613702,0.35041,0,304.798
591,0.00141364,0.611323,0.348952,0,301.809
592,0.00140479,0.608907,0.347521,0,298.847
593,0.00139589,0.606443,0.346113,0,295.895
594,0.00138692,0.603927,0.344721,0,292.953
595,0.00137783,0.601316,0.343341,0,289.977
596,0.00136852,0.5986,0.341979,0,287.029
597,0.00135919,0.595777,0.340636,0,284.1
598,0.00134986,0.592891,0.339307,0,281.182
599,0.00134051,0.589947,0.338019,0,278.309
600,0.00133124,0.586963,0.336746,0,275.486
601,0.00132216,0.583952,0.335497,0,272.749
602,0.00131314,0.580898,0.334272,0,270.085
603,0.00130416,0.577798,0.333065,0,267.476
604,0.00129527,0.574651,0.331878,0,264.938
605,0.00128644,0.571451,0.330712,0,262.473
606,0.00127793,0.568273,0.329559,0,260.142
607,0.00126961,0.565054,0.328429,0,257.898
608,0.00126136,0.561773,0.327318,0,255.725
609,0.00125311,0.558518,0.326223,0,253.57
610,0.00124493,0.555271,0.325149,0,251.45
611,0.00123687,0.552009,0.324089,0,249.408
612,0.00122887,0.548745,0.323045,0,247.428
613,0.00122091,0.54552,0.322013,0,245.466
614,0.00121307,0.542273,0.321001,0,243.579
615,0.00120529,0.538992,0.320009,0,241.759
616,0.00119774,0.535628,0.319036,0,240.047
617,0.00119023,0.532195,0.318083,0,238.422
618,0.00118277,0.528738,0.317148,0,236.859
619,0.00117559,0.525288,0.316231,0,235.392
620,0.00116845,0.521673,0.315318,0,233.868
621,0.00116134,0.518214,0.314429,0,232.378
622,0.00115435,0.514812,0.313556,0,230.953
623,0.00114752,0.511375,0.312689,0,229.625
624,0.00114084,0.507874,0.31176,0,228.392
625,0.00113427,0.504372,0.310853,0,227.234
626,0.00112784,0.500865,0.309967,0,226.129
627,0.00112154,0.497384,0.3091,0,225.064
628,0.00111539,0.4939,0.308249,0,224.047
629,0.00110944,0.490409,0.307418,0,223.064
630,0.00110363,0.486882,0.306596,0,222.166
631,0.00109779,0.483327,0.305784,0,221.327
632,0.00109187,0.479733,0.304987,0,220.499
633,0.00108609,0.47617,0.304207,0,219.736
634,0.00108038,0.472615,0.303452,0,219.012
635,0.00107469,0.46913,0.302719,0,218.278
636,0.00106906,0.465629,0.302006,0,217.579
637,0.0010635,0.462145,0.301312,0,216.909
638,0.00105797,0.458669,0.300625,0,216.259
639,0.0010525,0.455191,0.299927,0,215.629
640,0.00104709,0.451724,0.299237,0,215.023
641,0.00104173,0.448272,0.298555,0,214.418
642,0.00103646,0.444826,0.297881,0,213.834
643,0.00103124,0.441379,0.297208,0,213.279
644,0.00102603,0.437939,0.296543,0,212.737
645,0.00102085,0.434516,0.295881,0,212.177
646,0.00101567,0.43111,0.295226,0,211.623
647,0.00101051,0.427739,0.294572,0,211.06
648,0.00100533,0.424421,0.293916,0,210.482
649,0.00100018,0.421129,0.293265,0,209.889
650,0.000995038,0.417869,0.292618,0,209.294
651,0.000989899,0.414584,0.291979,0,208.713
652,0.000984804,0.411345,0.291349,0,208.132
653,0.000979416,0.408105,0.290725,0,207.495
654,0.000974155,0.404912,0.29011,0,206.863
655,0.000968999,0.401753,0.289477,0,206.248
656,0.000963967,0.398653,0.288774,0,205.624
657,0.00095899,0.395605,0.288079,0,204.987
658,0.000954024,0.392618,0.287384,0,204.328
659,0.000949084,0.389679,0.286703,0,203.663
660,0.000943951,0.386724,0.286035,0,202.99
661,0.000938766,0.383777,0.285379,0,202.315
662,0.000933621,0.380883,0.284729,0,201.624
663,0.000928529,0.378018,0.284074,0,200.947
664,0.000923526,0.375185,0.283429,0,200.285
665,0.000918555,0.372411,0.282792,0,199.628
666,0.000913644,0.369682,0.282164,0,198.975
667,0.00090875,0.367014,0.281542,0,198.306
668,0.000903919,0.364406,0.280929,0,197.648
669,0.00089907,0.361873,0.280316,0,196.967
670,0.000894252,0.359388,0.279705,0,196.283
671,0.00088947,0.356952,0.279087,0,195.616
672,0.000884745,0.354555,0.27848,0,194.961
673,0.000880051,0.352191,0.277879,0,194.272
674,0.000875412,0.349834,0.277283,0,193.594
675,0.000870884,0.347505,0.276693,0,192.955
676,0.000866419,0.34521,0.276104,0,192.334
677,0.000862096,0.342991,0.275518,0,191.71
678,0.000857809,0.340801,0.274931,0,191.092
679,0.000853561,0.338655,0.274341,0,190.482
680,0.000849417,0.336556,0.273757,0,189.888
681,0.00084528,0.33449,0.273175,0,189.314
682,0.000841115,0.332452,0.272586,0,188.734
683,0.000837021,0.330467,0.271998,0,188.155
684,0.000832991,0.328532,0.271415,0,187.593
685,0.000829021,0.326609,0.270843,0,187.044
686,0.000825034,0.32472,0.270279,0,186.488
687,0.000821086,0.322861,0.269719,0,185.928
688,0.000817144,0.321036,0.269165,0,185.376
689,0.000813232,0.319236,0.268618,0,184.825
690,0.000809337,0.317457,0.26807,0,184.275
691,0.000805463,0.315701,0.267524,0,183.725
692,0.000801611,0.313965,0.26698,0,183.179
693,0.000797763,0.31225,0.266441,0,182.611
694,0.000793919,0.310569,0.265908,0,182
695,0.000790079,0.308917,0.265379,0,181.4
696,0.000786254,0.307288,0.264853,0,180.803
697,0.000782486,0.305689,0.264331,0,180.219
698,0.000778736,0.304112,0.263809,0,179.644
699,0.000775011,0.302564,0.263292,0,179.071
700,0.000771283,0.301027,0.262777,0,178.51
701,0.000767576,0.299513,0.26226,0,177.975
702,0.0007639,0.298021,0.261747,0,177.441
703,0.000760275,0.296559,0.26124,0,176.915
704,0.000756728,0.295129,0.260737,0,176.387
705,0.00075326,0.293744,0.260239,0,175.873
706,0.000749739,0.292357,0.259745,0,175.361
707,0.000746239,0.290992,0.259254,0,174.856
708,0.000742809,0.289634,0.258764,0,174.351
709,0.000739355,0.288263,0.258274,0,173.805
710,0.000735945,0.286902,0.257783,0,173.261
711,0.000732606,0.285575,0.25729,0,172.736
712,0.000729285,0.284266,0.256801,0,172.23
713,0.000725933,0.28296,0.256315,0,171.744
714,0.000722635,0.281683,0.255835,0,171.277
715,0.000719374,0.280426,0.255352,0,170.829
716,0.000716254,0.279217,0.254878,0,170.406
717,0.000713245,0.278041,0.254405,0,170.001
718,0.000710252,0.276877,0.253935,0,169.605
719,0.000707298,0.275725,0.253469,0,169.225
720,0.000704353,0.274574,0.253,0,168.845
721,0.000701434,0.273433,0.252534,0,168.472
722,0.000698549,0.272304,0.252072,0,168.118
723,0.00069567,0.271173,0.25161,0,167.758
724,0.000692787,0.270026,0.251147,0,167.37
725,0.000689962,0.268896,0.250685,0,166.998
726,0.000687136,0.267792,0.250225,0,166.641
727,0.000684315,0.266704,0.249766,0,166.306
728,0.00068152,0.26564,0.249311,0,165.989
729,0.000678744,0.264592,0.248859,0,165.696
730,0.00067601,0.263569,0.248406,0,165.427
731,0.0006733,0.262562,0.247952,0,165.173
732,0.000670628,0.261574,0.2475,0,164.942
733,0.000667969,0.260595,0.247052,0,164.723
734,0.000665316,0.259619,0.246604,0,164.5
735,0.000662689,0.258648,0.246156,0,164.278
736,0.000660094,0.257694,0.245714,0,164.076
737,0.000657534,0.256753,0.245275,0,163.889
738,0.000654955,0.255799,0.24484,0,163.686
739,0.000652438,0.254851,0.244407,0,163.481
740,0.000649963,0.253927,0.243977,0,163.295
741,0.000647531,0.253037,0.243546,0,163.145
742,0.000645157,0.252172,0.243118,0,163.004
743,0.000642853,0.251336,0.242693,0,162.892
744,0.000640603,0.250518,0.24227,0,162.8
745,0.000638365,0.249726,0.241845,0,162.717
746,0.000636189,0.248959,0.241424,0,162.649
747,0.000634035,0.248215,0.240999,0,162.597
748,0.000631918,0.247482,0.240578,0,162.552
749,0.000629863,0.246765,0.240155,0,162.521
750,0.000627845,0.246061,0.239737,0,162.504
751,0.000625887,0.245374,0.23932,0,162.482
752,0.000623944,0.244685,0.238905,0,162.456
753,0.00062198,0.243974,0.23849,0,162.395
754,0.000620059,0.243265,0.238078,0,162.336
755,0.000618187,0.242593,0.237666,0,162.298
756,0.000616371,0.241953,0.237254,0,162.27
757,0.000614592,0.241339,0.236842,0,162.261
758,0.000612864,0.240752,0.23643,0,162.263
759,0.00061117,0.240192,0.236018,0,162.282
760,0.000609529,0.23966,0.235606,0,162.32
761,0.000607923,0.239157,0.235184,0,162.375
762,0.000606372,0.238671,0.23475,0,162.442
763,0.000604845,0.238212,0.234319,0,162.514
764,0.000603367,0.237776,0.23389,0,162.594
765,0.00060189,0.237351,0.233448,0,162.669
766,0.000600439,0.236937,0.233006,0,162.749
767,0.000598967,0.236537,0.232571,0,162.834
768,0.000597523,0.236147,0.232137,0,162.926
769,0.000596096,0.235756,0.23171,0,163.01
